----------
lambda=0.8
e=0.01
training_time=19.39s
iterations=426
final_loss=139.23593139648438
final_training_mse=0.539526104927063
final_nonzero_coef_num=49975
final_testing_mse=23337.557750017997
----------
----------
lambda=0.8
e=0.01
training_time=19.39s
iterations=426
final_loss=139.23593139648438
final_training_mse=0.539526104927063
final_nonzero_coef_num=49975
final_testing_mse=23337.557750017997
----------
